
8,337,67,345,85,358,4,359,
61,266,115,309,78,329,32,284,
148,346,197,296,184,283,116,321,
274,275,344,300,350,261,317,253,
37,243,39,322,7,323,3,245,
39,255,91,285,104,252,50,230,
177,330,165,358,199,359,205,339,
173,177,225,204,239,176,187,158,
116,245,113,168,89,155,92,251,
116,144,152,166,181,146,112,102,
55,165,73,193,94,187,71,157,
89,215,84,243,26,227,15,169,
43,184,67,144,47,131,14,170,
0,39,53,131,28,143,0,91,
32,1,35,32,57,11,58,0,
95,56,162,30,133,17,101,31,
70,1,79,66,114,17,107,0,
117,12,153,29,222,0,137,1,
199,48,138,111,113,84,174,36,
543,2,552,20,560,15,563,1,
524,62,585,43,586,16,536,22,
498,117,521,88,509,74,476,102,
526,108,586,69,584,43,515,73,
544,217,621,164,607,141,539,163,
582,196,562,263,540,240,559,191,
539,325,589,297,570,280,527,313,
518,331,535,355,556,338,517,307,
490,334,524,273,498,261,468,299,
433,358,450,339,422,323,386,358,
433,82,482,113,489,80,446,63,
272,39,311,91,328,68,298,30,
299,2,369,63,387,41,346,1,
342,113,338,82,283,135,309,156,
441,156,490,236,520,213,472,151,
448,152,432,211,391,210,414,150,
399,162,499,152,478,108,400,125,
356,321,430,282,442,241,349,287,
265,214,322,210,317,188,253,174,
271,126,369,169,360,207,246,167,
309,181,360,281,389,266,343,169,
264,248,329,213,346,251,228,287,
269,237,218,300,169,277,250,218,
369,58,385,155,355,173,338,36,