
328,107,338,42,307,58,299,89,
326,49,345,69,383,1,361,1,
437,2,381,40,356,30,386,1,
336,116,301,90,273,112,336,147,
309,62,361,2,319,2,293,35,
457,96,449,140,475,127,473,106,
255,257,311,247,301,223,264,228,
147,174,221,193,209,226,155,208,
161,67,205,128,181,178,125,92,
40,357,59,315,86,321,67,359,
65,356,102,300,114,318,99,355,
31,358,1,322,0,358,11,359,
1,260,55,356,30,359,0,321,
346,119,345,145,437,140,434,107,
297,192,293,223,312,230,317,187,
271,294,269,358,238,356,241,287,
235,301,244,358,198,356,205,299,
120,328,246,259,220,229,108,296,
87,264,187,206,206,238,99,300,
1,245,100,251,97,222,2,217,
2,216,42,212,36,192,1,192,
91,9,24,84,34,106,127,31,
133,64,206,4,153,0,117,46,
424,215,480,248,493,229,445,185,
446,178,494,142,481,116,442,157,
443,138,444,194,413,232,407,149,
400,42,439,85,456,51,436,35,
541,55,528,97,498,97,506,50,
572,159,527,125,509,152,540,178,
464,42,523,128,509,157,440,62,
409,60,353,108,333,82,380,38,
393,36,517,45,515,11,427,8,
552,12,553,30,571,36,580,15,
613,241,526,357,505,356,569,225,
554,322,536,358,575,358,574,329,
515,281,545,205,520,198,483,268,
511,114,520,189,485,239,476,185,
553,252,588,196,579,145,543,226,
600,222,604,333,638,355,637,219,
401,320,500,348,526,311,410,286,
334,295,452,284,474,239,341,265,
415,267,391,357,359,357,386,260,
378,192,290,297,293,263,343,180,
349,249,298,346,275,328,334,229,
370,221,366,148,387,147,389,224,
409,154,414,241,386,228,386,155,
279,194,370,176,366,144,290,164,
296,142,255,251,222,234,268,126,
203,150,266,155,256,192,185,182,
278,106,258,1,220,1,240,112,
130,150,147,112,120,94,96,131,
109,145,133,240,79,235,69,151,
36,153,144,84,123,53,13,120,